1101
1102
1103
1104
1108
1109
1110
1201
1203
1210
1213
1215
1216
1217
1218
1219
1220
1225
1227
1229
1231
1232
1233
1234
1235
1236
1256
1262
1301
1303
1304
1305
1307
1308
1309
1310
1312
1313
1314
1315
1316
1319
1321
1323
1324
1325
1326
1337
1338
1339
1340
1402
1409
1410
1413
1414
1416
1417
1418
1419
1423
1432
1434
1435
1436
1437
1438
1439
1440
1441
1442
1443
1444
1445
1446
1447
1449
1451
1452
1453
1454
1455
1456
1457
1459
1460
1463
1464
1465
1466
1467
1468
1469
1470
1471
1472
1473
1474
1475
1476
1477
1503
1504
1506
1507
1512
1513
1514
1515
1516
1517
1519
1521
1522
1524
1525
1526
1527
1528
1529
1530
1531
1532
1533
1535
1536
1537
1538
1539
1540
1541
1558
1560
1568
1582
1583
1589
1590
1592
1598
1603
1604
1605
1608
1609
1611
1612
1614
1615
1616
1617
1618
1626
1701
1702
1704
1707
1708
1709
1710
1711
1712
1713
1714
1715
1717
1718
1720
1721
1722
1723
1724
1725
1726
1727
1730
1731
1732
1733
1734
1735
1736
1737
1762
1773
1776
1783
1786
1789
1802
1805
1806
1808
1809
1810
1817
1902
1903
1904
1905
1906
1907
1909
2002
2006
2007
2008
2009
2010
2012
2013
2014
2015
2017
2020
2022
2023
2024
2025
2027
2028
2029
2030
2031
2032
2033
2034
2038
2049
2059
2062
2069
2101
2102
2103
2104
2105
2106
2108
2109
2114
2115
2201
2204
2206
2207
2208
2227
2228
2231
2236
2239
2301
2302
2303
2305
2308
2311
2312
2313
2314
2317
2321
2323
2324
2325
2327
2328
2329
2330
2331
2332
2337
2338
2340
2342
2344
2345
2347
2348
2349
2351
2352
2353
2354
2355
2356
2357
2358
2359
2360
2362
2363
2364
2365
2367
2368
2369
2371
2373
2374
2375
2376
2377
2379
2380
2382
2383
2385
2387
2388
2390
2392
2393
2395
2397
2399
2401
2402
2404
2405
2406
2408
2409
2412
2413
2414
2415
2417
2419
2420
2421
2423
2424
2425
2426
2427
2428
2429
2430
2431
2433
2434
2436
2438
2439
2440
2441
2442
2443
2444
2448
2449
2450
2451
2453
2454
2455
2456
2457
2458
2459
2460
2461
2462
2464
2465
2466
2467
2468
2471
2472
2474
2475
2476
2477
2478
2480
2481
2482
2483
2484
2485
2486
2488
2489
2491
2493
2495
2496
2497
2498
2499
2501
2504
2505
2506
2509
2511
2514
2515
2516
2520
2524
2527
2528
2530
2534
2535
2536
2537
2538
2539
2540
2542
2543
2545
2546
2547
2548
2597
2601
2603
2605
2606
2607
2608
2609
2610
2611
2612
2613
2614
2615
2616
2617
2618
2633
2634
2636
2637
2642
2701
2702
2704
2705
2706
2707
2712
2722
2723
2727
2731
2739
2748
2801
2809
2812
2816
2820
2823
2832
2834
2836
2838
2841
2845
2849
2850
2851
2852
2855
2856
2867
2880
2881
2882
2883
2884
2885
2886
2887
2888
2889
2890
2891
2892
2897
2901
2903
2904
2905
2906
2908
2910
2911
2912
2913
2915
2923
2929
2936
3002
3003
3004
3005
3006
3008
3010
3011
3013
3014
3015
3016
3017
3018
3019
3021
3022
3023
3024
3025
3026
3027
3028
3029
3030
3031
3032
3033
3034
3035
3036
3037
3038
3040
3041
3042
3043
3044
3045
3046
3047
3048
3049
3051
3052
3054
3055
3056
3057
3058
3059
3060
3062
3090
3094
3130
3149
3164
3167
3189
3209
3229
3231
3257
3266
3296
3305
3308
3311
3312
3315
3321
3338
3346
3356
3376
3380
3383
3406
3413
3416
3419
3432
3437
3443
3450
3454
3481
3494
3501
3504
3514
3515
3518
3519
3528
3532
3533
3535
3536
3545
3550
3557
3561
3576
3579
3583
3588
3591
3593
3596
3605
3607
3617
3622
3645
3653
3661
3665
3669
3673
3679
3682
3686
3694
3698
3701
3702
3703
3704
3705
3706
3708
4104
4106
4108
4119
4133
4137
4141
4142
4144
4148
4164
4190
4306
4414
4426
4438
4526
4532
4536
4545
4551
4552
4555
4557
4560
4562
4720
4722
4725
4737
4739
4746
4755
4763
4807
4904
4906
4912
4915
4916
4919
4927
4930
4934
4935
4938
4942
4943
4952
4956
4958
4960
4968
4976
4977
4984
4994
4999
5007
5203
5215
5225
5234
5243
5258
5259
5264
5269
5284
5285
5288
5305
5388
5434
5469
5471
5484
5515
5519
5521
5522
5525
5531
5533
5534
5538
5607
5608
5706
5871
5880
5906
5907
6005
6108
6112
6115
6116
6117
6120
6128
6131
6133
6136
6139
6141
6142
6145
6152
6153
6155
6164
6165
6166
6168
6172
6176
6177
6183
6184
6189
6191
6192
6196
6197
6201
6202
6205
6206
6209
6213
6214
6215
6216
6224
6225
6226
6230
6235
6239
6243
6251
6257
6269
6271
6277
6278
6281
6282
6283
6285
6289
6405
6409
6412
6414
6415
6422
6431
6442
6443
6449
6451
6452
6456
6464
6477
6504
6505
6525
6531
6533
6552
6579
6582
6605
8011
8016
8021
8039
8046
8070
8072
8081
8101
8103
8105
8110
8112
8114
8131
8150
8163
8201
8210
8213
8215
8222
8249
8261
8271
8341
8374
8404
8411
8422
8427
8429
8442
8443
8454
8463
8464
8466
8467
8473
8480
8481
8488
8926
8940
8996
9103
910322
910482
9105
910708
910801
910861
9110
911608
911616
911619
911622
911868
912000
912398
9136
9157
9188
9802
9902
9904
9905
9906
9907
9908
9910
9911
9912
9914
9917
9918
9919
9921
9924
9925
9926
9927
9928
9929
9930
9931
9933
9934
9935
9937
9938
9939
9940
9941
9942
9943
9944
9945
9946
9955
9958
1258
1259
1264
1333
1336
1565
1566
1569
1570
1580
1584
1586
1591
1593
1595
1597
1599
1742
1752
1777
1781
1784
1787
1788
1795
1799
1813
1815
2035
2061
2063
2064
2065
2066
2067
2221
2230
2233
2235
2596
2640
2641
2643
2718
2719
2726
2729
2732
2734
2736
2740
2916
2924
2926
2928
2937
3064
3066
3067
3068
3071
3073
3078
3081
3083
3085
3086
3088
3089
3092
3093
3095
3105
3114
3115
3118
3122
3128
3131
3141
3144
3152
3162
3163
3169
3171
3176
3188
3191
3202
3205
3206
3207
3211
3213
3217
3218
3221
3224
3226
3227
3228
3230
3232
3234
3236
3252
3259
3260
3264
3265
3268
3272
3276
3284
3285
3287
3288
3289
3290
3293
3294
3297
3299
3303
3306
3310
3313
3317
3322
3323
3324
3325
3332
3339
3354
3360
3362
3363
3372
3373
3374
3379
3388
3390
3402
3426
3428
3431
3434
3438
3441
3444
3452
3455
3465
3466
3479
3483
3484
3489
3490
3491
3492
3498
3499
3508
3511
3512
3516
3520
3521
3522
3523
3526
3527
3529
3531
3537
3540
3541
3546
3548
3551
3552
3553
3555
3556
3558
3562
3563
3564
3567
3570
3577
3580
3581
3587
3594
3609
3611
3615
3623
3624
3625
3628
3629
3630
3631
3632
3642
3646
3652
3663
3664
3666
3672
3675
3680
3684
3685
3687
3689
3691
3693
3707
3709
4102
4103
4105
4107
4109
4111
4113
4114
4116
4120
4121
4123
4126
4127
4128
4129
4130
4131
4138
4139
4147
4152
4153
4154
4157
4160
4161
4162
4163
4167
4168
4171
4173
4174
4175
4180
4183
4188
4192
4198
4205
4207
4303
4304
4305
4401
4402
4406
4413
4416
4417
4419
4420
4429
4430
4432
4433
4502
4503
4506
4510
4513
4523
4527
4528
4529
4530
4533
4534
4535
4541
4542
4543
4549
4550
4554
4556
4609
4702
4706
4707
4711
4712
4714
4716
4721
4726
4728
4729
4735
4736
4743
4745
4747
4754
4803
4804
4806
4903
4905
4907
4908
4909
4911
4924
4933
4939
4944
4946
4947
4950
4953
4965
4966
4971
4972
4973
4974
4979
4987
4991
4995
5009
5011
5013
5014
5015
5016
5102
5201
5202
5205
5206
5209
5210
5211
5212
5213
5227
5230
5245
5251
5255
5263
5272
5274
5276
5278
5281
5287
5289
5291
5301
5302
5304
5306
5309
5310
5312
5314
5315
5317
5321
5324
5328
5340
5344
5345
5347
5348
5349
5351
5353
5355
5356
5364
5371
5381
5383
5386
5392
5398
5403
5410
5425
5426
5432
5438
5439
5443
5450
5452
5455
5457
5460
5464
5465
5468
5474
5475
5478
5480
5481
5483
5487
5488
5489
5490
5491
5493
5498
5508
5511
5512
5514
5516
5520
5523
5529
5530
5536
5543
5601
5603
5604
5609
5701
5703
5704
5820
5878
5902
5903
5904
5905
6015
6016
6020
6021
6023
6024
6026
6101
6103
6104
6105
6107
6109
6111
6113
6114
6118
6122
6123
6124
6125
6126
6127
6129
6130
6134
6138
6140
6143
6144
6146
6147
6148
6150
6151
6154
6156
6158
6160
6161
6163
6167
6169
6170
6171
6174
6175
6179
6180
6182
6185
6186
6187
6188
6190
6194
6195
6198
6199
6203
6204
6207
6208
6210
6212
6217
6218
6219
6220
6221
6222
6223
6227
6228
6229
6231
6233
6234
6236
6237
6238
6240
6241
6242
6244
6245
6246
6247
6248
6259
6261
6263
6264
6265
6266
6270
6274
6275
6276
6279
6284
6287
6290
6291
6292
6294
6298
6404
6411
6417
6419
6426
6432
6435
6438
6446
6457
6462
6465
6469
6470
6472
6482
6485
6486
6488
6492
6494
6496
6497
6499
6506
6508
6509
6510
6512
6514
6523
6532
6535
6538
6542
6548
6554
6560
6568
6569
6574
6577
6594
6603
6609
6803
7402
8024
8027
8032
8034
8038
8040
8042
8043
8044
8047
8048
8049
8050
8054
8059
8064
8066
8067
8068
8069
8071
8074
8076
8077
8080
8083
8084
8085
8086
8087
8088
8091
8092
8093
8096
8097
8099
8107
8109
8111
8121
8147
8155
8171
8176
8182
8183
8234
8240
8255
8277
8279
8287
8289
8291
8299
8349
8354
8358
8383
8390
8401
8403
8406
8409
8410
8415
8416
8418
8420
8421
8423
8424
8426
8431
8432
8433
8435
8436
8437
8444
8446
8450
8455
8462
8472
8476
8477
8489
8905
8906
8908
8916
8917
8921
8923
8924
8927
8928
8929
8930
8931
8932
8933
8934
8935
8936
8937
8938
8941
8942
9949
9950
9951
9960
9962
1240
1260
1268
1269
1563
1585
1587
1594
1760
1780
1796
1814
1818
1819
2070
2237
2241
2245
2246
2599
2630
2720
2721
2730
2733
2738
2741
2743
2745
2938
2939
3097
3117
3138
3147
3150
3168
3178
3184
3349
3357
3377
3391
3429
3430
3485
3505
3530
3543
3566
3585
3592
3595
3597
3601
3603
3627
3633
3644
3659
3674
3678
3688
4117
4132
4134
4135
4136
4150
4151
4155
4159
4166
4169
4170
4172
4177
4186
4187
4191
4193
4194
4195
4197
4427
4431
4537
4538
4540
4544
4546
4553
4558
4559
4561
4563
4564
4565
4566
4730
4732
4738
4741
4744
4752
4760
4764
4765
4766
4802
4921
4923
4925
4931
4949
4951
4961
4967
4980
4989
5216
5220
5222
5228
5229
5233
5240
5244
5248
5256
5262
5267
5271
5277
5283
5286
5294
5297
5299
5859
5863
5864
5876
6027
6272
6288
6401
6403
6407
6416
6418
6423
6425
6428
6434
6441
6445
6453
6461
6467
6468
6471
6473
6475
6479
6481
6487
6489
6490
6491
6493
6495
6498
6511
6516
6518
6521
6527
6529
6530
6534
6536
6539
6540
6541
6545
6546
6547
6549
6550
6553
6555
6556
6558
6559
6561
6562
6565
6566
6567
6570
6572
6575
6576
6578
6580
6581
6583
6584
6585
6588
6589
6590
6591
6593
6596
6598
6610
6611
6612
6613
6615
6617
6618
6620
6621
6622
6624
6625
6626
6627
6633
6634
6637
6638
6640
6645
6648
6649
6650
7421
7443
8028
8041
8045
8104
8115
8119
8122
8127
8179
8281
8284
8329
8342
8351
8359
8367
8438
8440
8458
8465
8478
8479
8487
8490
8491
8492
8495
8496
8497
9957
1101
1102
1103
1104
1108
1109
1110
1201
1203
1210
1213
1215
1216
1217
1218
1219
1220
1225
1227
1229
1231
1232
1233
1234
1235
1236
1240
1256
1258
1259
1260
1262
1264
1268
1269
1301
1303
1304
1305
1307
1308
1309
1310
1312
1313
1314
1315
1316
1319
1321
1323
1324
1325
1326
1333
1336
1337
1338
1339
1340
1402
1409
1410
1413
1414
1416
1417
1418
1419
1423
1432
1434
1435
1436
1437
1438
1439
1440
1441
1442
1443
1444
1445
1446
1447
1449
1451
1452
1453
1454
1455
1456
1457
1459
1460
1463
1464
1465
1466
1467
1468
1469
1470
1471
1472
1473
1474
1475
1476
1477
1503
1504
1506
1507
1512
1513
1514
1515
1516
1517
1519
1521
1522
1524
1525
1526
1527
1528
1529
1530
1531
1532
1533
1535
1536
1537
1538
1539
1540
1541
1558
1560
1563
1565
1566
1568
1569
1570
1580
1582
1583
1584
1585
1586
1587
1589
1590
1591
1592
1593
1594
1595
1597
1598
1599
1603
1604
1605
1608
1609
1611
1612
1614
1615
1616
1617
1618
1626
1701
1702
1704
1707
1708
1709
1710
1711
1712
1713
1714
1715
1717
1718
1720
1721
1722
1723
1724
1725
1726
1727
1730
1731
1732
1733
1734
1735
1736
1737
1742
1752
1760
1762
1773
1776
1777
1780
1781
1783
1784
1786
1787
1788
1789
1795
1796
1799
1802
1805
1806
1808
1809
1810
1813
1814
1815
1817
1818
1819
1902
1903
1904
1905
1906
1907
1909
2002
2006
2007
2008
2009
2010
2012
2013
2014
2015
2017
2020
2022
2023
2024
2025
2027
2028
2029
2030
2031
2032
2033
2034
2035
2038
2049
2059
2061
2062
2063
2064
2065
2066
2067
2069
2070
2101
2102
2103
2104
2105
2106
2108
2109
2114
2115
2201
2204
2206
2207
2208
2221
2227
2228
2230
2231
2233
2235
2236
2237
2239
2241
2245
2246
2301
2302
2303
2305
2308
2311
2312
2313
2314
2317
2321
2323
2324
2325
2327
2328
2329
2330
2331
2332
2337
2338
2340
2342
2344
2345
2347
2348
2349
2351
2352
2353
2354
2355
2356
2357
2358
2359
2360
2362
2363
2364
2365
2367
2368
2369
2371
2373
2374
2375
2376
2377
2379
2380
2382
2383
2385
2387
2388
2390
2392
2393
2395
2397
2399
2401
2402
2404
2405
2406
2408
2409
2412
2413
2414
2415
2417
2419
2420
2421
2423
2424
2425
2426
2427
2428
2429
2430
2431
2433
2434
2436
2438
2439
2440
2441
2442
2443
2444
2448
2449
2450
2451
2453
2454
2455
2456
2457
2458
2459
2460
2461
2462
2464
2465
2466
2467
2468
2471
2472
2474
2475
2476
2477
2478
2480
2481
2482
2483
2484
2485
2486
2488
2489
2491
2493
2495
2496
2497
2498
2499
2501
2504
2505
2506
2509
2511
2514
2515
2516
2520
2524
2527
2528
2530
2534
2535
2536
2537
2538
2539
2540
2542
2543
2545
2546
2547
2548
2596
2597
2599
2601
2603
2605
2606
2607
2608
2609
2610
2611
2612
2613
2614
2615
2616
2617
2618
2630
2633
2634
2636
2637
2640
2641
2642
2643
2701
2702
2704
2705
2706
2707
2712
2718
2719
2720
2721
2722
2723
2726
2727
2729
2730
2731
2732
2733
2734
2736
2738
2739
2740
2741
2743
2745
2748
2801
2809
2812
2816
2820
2823
2832
2834
2836
2838
2841
2845
2849
2850
2851
2852
2855
2856
2867
2880
2881
2882
2883
2884
2885
2886
2887
2888
2889
2890
2891
2892
2897
2901
2903
2904
2905
2906
2908
2910
2911
2912
2913
2915
2916
2923
2924
2926
2928
2929
2936
2937
2938
2939
3002
3003
3004
3005
3006
3008
3010
3011
3013
3014
3015
3016
3017
3018
3019
3021
3022
3023
3024
3025
3026
3027
3028
3029
3030
3031
3032
3033
3034
3035
3036
3037
3038
3040
3041
3042
3043
3044
3045
3046
3047
3048
3049
3051
3052
3054
3055
3056
3057
3058
3059
3060
3062
3064
3066
3067
3068
3071
3073
3078
3081
3083
3085
3086
3088
3089
3090
3092
3093
3094
3095
3097
3105
3114
3115
3117
3118
3122
3128
3130
3131
3138
3141
3144
3147
3149
3150
3152
3162
3163
3164
3167
3168
3169
3171
3176
3178
3184
3188
3189
3191
3202
3205
3206
3207
3209
3211
3213
3217
3218
3221
3224
3226
3227
3228
3229
3230
3231
3232
3234
3236
3252
3257
3259
3260
3264
3265
3266
3268
3272
3276
3284
3285
3287
3288
3289
3290
3293
3294
3296
3297
3299
3303
3305
3306
3308
3310
3311
3312
3313
3315
3317
3321
3322
3323
3324
3325
3332
3338
3339
3346
3349
3354
3356
3357
3360
3362
3363
3372
3373
3374
3376
3377
3379
3380
3383
3388
3390
3391
3402
3406
3413
3416
3419
3426
3428
3429
3430
3431
3432
3434
3437
3438
3441
3443
3444
3450
3452
3454
3455
3465
3466
3479
3481
3483
3484
3485
3489
3490
3491
3492
3494
3498
3499
3501
3504
3505
3508
3511
3512
3514
3515
3516
3518
3519
3520
3521
3522
3523
3526
3527
3528
3529
3530
3531
3532
3533
3535
3536
3537
3540
3541
3543
3545
3546
3548
3550
3551
3552
3553
3555
3556
3557
3558
3561
3562
3563
3564
3566
3567
3570
3576
3577
3579
3580
3581
3583
3585
3587
3588
3591
3592
3593
3594
3595
3596
3597
3601
3603
3605
3607
3609
3611
3615
3617
3622
3623
3624
3625
3627
3628
3629
3630
3631
3632
3633
3642
3644
3645
3646
3652
3653
3659
3661
3663
3664
3665
3666
3669
3672
3673
3674
3675
3678
3679
3680
3682
3684
3685
3686
3687
3688
3689
3691
3693
3694
3698
3701
3702
3703
3704
3705
3706
3707
3708
3709
4102
4103
4104
4105
4106
4107
4108
4109
4111
4113
4114
4116
4117
4119
4120
4121
4123
4126
4127
4128
4129
4130
4131
4132
4133
4134
4135
4136
4137
4138
4139
4141
4142
4144
4147
4148
4150
4151
4152
4153
4154
4155
4157
4159
4160
4161
4162
4163
4164
4166
4167
4168
4169
4170
4171
4172
4173
4174
4175
4177
4180
4183
4186
4187
4188
4190
4191
4192
4193
4194
4195
4197
4198
4205
4207
4303
4304
4305
4306
4401
4402
4406
4413
4414
4416
4417
4419
4420
4426
4427
4429
4430
4431
4432
4433
4438
4502
4503
4506
4510
4513
4523
4526
4527
4528
4529
4530
4532
4533
4534
4535
4536
4537
4538
4540
4541
4542
4543
4544
4545
4546
4549
4550
4551
4552
4553
4554
4555
4556
4557
4558
4559
4560
4561
4562
4563
4564
4565
4566
4609
4702
4706
4707
4711
4712
4714
4716
4720
4721
4722
4725
4726
4728
4729
4730
4732
4735
4736
4737
4738
4739
4741
4743
4744
4745
4746
4747
4752
4754
4755
4760
4763
4764
4765
4766
4802
4803
4804
4806
4807
4903
4904
4905
4906
4907
4908
4909
4911
4912
4915
4916
4919
4921
4923
4924
4925
4927
4930
4931
4933
4934
4935
4938
4939
4942
4943
4944
4946
4947
4949
4950
4951
4952
4953
4956
4958
4960
4961
4965
4966
4967
4968
4971
4972
4973
4974
4976
4977
4979
4980
4984
4987
4989
4991
4994
4995
4999
5007
5009
5011
5013
5014
5015
5016
5102
5201
5202
5203
5205
5206
5209
5210
5211
5212
5213
5215
5216
5220
5222
5225
5227
5228
5229
5230
5233
5234
5240
5243
5244
5245
5248
5251
5255
5256
5258
5259
5262
5263
5264
5267
5269
5271
5272
5274
5276
5277
5278
5281
5283
5284
5285
5286
5287
5288
5289
5291
5294
5297
5299
5301
5302
5304
5305
5306
5309
5310
5312
5314
5315
5317
5321
5324
5328
5340
5344
5345
5347
5348
5349
5351
5353
5355
5356
5364
5371
5381
5383
5386
5388
5392
5398
5403
5410
5425
5426
5432
5434
5438
5439
5443
5450
5452
5455
5457
5460
5464
5465
5468
5469
5471
5474
5475
5478
5480
5481
5483
5484
5487
5488
5489
5490
5491
5493
5498
5508
5511
5512
5514
5515
5516
5519
5520
5521
5522
5523
5525
5529
5530
5531
5533
5534
5536
5538
5543
5601
5603
5604
5607
5608
5609
5701
5703
5704
5706
5820
5859
5863
5864
5871
5876
5878
5880
5902
5903
5904
5905
5906
5907
6005
6015
6016
6020
6021
6023
6024
6026
6027
6101
6103
6104
6105
6107
6108
6109
6111
6112
6113
6114
6115
6116
6117
6118
6120
6122
6123
6124
6125
6126
6127
6128
6129
6130
6131
6133
6134
6136
6138
6139
6140
6141
6142
6143
6144
6145
6146
6147
6148
6150
6151
6152
6153
6154
6155
6156
6158
6160
6161
6163
6164
6165
6166
6167
6168
6169
6170
6171
6172
6174
6175
6176
6177
6179
6180
6182
6183
6184
6185
6186
6187
6188
6189
6190
6191
6192
6194
6195
6196
6197
6198
6199
6201
6202
6203
6204
6205
6206
6207
6208
6209
6210
6212
6213
6214
6215
6216
6217
6218
6219
6220
6221
6222
6223
6224
6225
6226
6227
6228
6229
6230
6231
6233
6234
6235
6236
6237
6238
6239
6240
6241
6242
6243
6244
6245
6246
6247
6248
6251
6257
6259
6261
6263
6264
6265
6266
6269
6270
6271
6272
6274
6275
6276
6277
6278
6279
6281
6282
6283
6284
6285
6287
6288
6289
6290
6291
6292
6294
6298
6401
6403
6404
6405
6407
6409
6411
6412
6414
6415
6416
6417
6418
6419
6422
6423
6425
6426
6428
6431
6432
6434
6435
6438
6441
6442
6443
6445
6446
6449
6451
6452
6453
6456
6457
6461
6462
6464
6465
6467
6468
6469
6470
6471
6472
6473
6475
6477
6479
6481
6482
6485
6486
6487
6488
6489
6490
6491
6492
6493
6494
6495
6496
6497
6498
6499
6504
6505
6506
6508
6509
6510
6511
6512
6514
6516
6518
6521
6523
6525
6527
6529
6530
6531
6532
6533
6534
6535
6536
6538
6539
6540
6541
6542
6545
6546
6547
6548
6549
6550
6552
6553
6554
6555
6556
6558
6559
6560
6561
6562
6565
6566
6567
6568
6569
6570
6572
6574
6575
6576
6577
6578
6579
6580
6581
6582
6583
6584
6585
6588
6589
6590
6591
6593
6594
6596
6598
6603
6605
6609
6610
6611
6612
6613
6615
6617
6618
6620
6621
6622
6624
6625
6626
6627
6633
6634
6637
6638
6640
6645
6648
6649
6650
6803
7402
7421
7443
8011
8016
8021
8024
8027
8028
8032
8034
8038
8039
8040
8041
8042
8043
8044
8045
8046
8047
8048
8049
8050
8054
8059
8064
8066
8067
8068
8069
8070
8071
8072
8074
8076
8077
8080
8081
8083
8084
8085
8086
8087
8088
8091
8092
8093
8096
8097
8099
8101
8103
8104
8105
8107
8109
8110
8111
8112
8114
8115
8119
8121
8122
8127
8131
8147
8150
8155
8163
8171
8176
8179
8182
8183
8201
8210
8213
8215
8222
8234
8240
8249
8255
8261
8271
8277
8279
8281
8284
8287
8289
8291
8299
8329
8341
8342
8349
8351
8354
8358
8359
8367
8374
8383
8390
8401
8403
8404
8406
8409
8410
8411
8415
8416
8418
8420
8421
8422
8423
8424
8426
8427
8429
8431
8432
8433
8435
8436
8437
8438
8440
8442
8443
8444
8446
8450
8454
8455
8458
8462
8463
8464
8465
8466
8467
8472
8473
8476
8477
8478
8479
8480
8481
8487
8488
8489
8490
8491
8492
8495
8496
8497
8905
8906
8908
8916
8917
8921
8923
8924
8926
8927
8928
8929
8930
8931
8932
8933
8934
8935
8936
8937
8938
8940
8941
8942
8996
9103
9105
9110
9136
9157
9188
9802
9902
9904
9905
9906
9907
9908
9910
9911
9912
9914
9917
9918
9919
9921
9924
9925
9926
9927
9928
9929
9930
9931
9933
9934
9935
9937
9938
9939
9940
9941
9942
9943
9944
9945
9946
9949
9950
9951
9955
9957
9958
9960
9962
910322
910482
910708
910801
910861
911608
911616
911619
911622
911868
912000
912398