1101
1102
1103
1104
1108
1109
1110
1201
1203
1210
1213
1215
1216
1217
1218
1219
1220
1225
1227
1229
1231
1232
1233
1234
1235
1236
1256
1702
1737
1301
1303
1304
1305
1307
1308
1309
1310
1312
1313
1314
1315
1319
1321
1323
1324
1325
1326
1337
1339
1340
1715
4306
1402
1409
1410
1413
1414
1416
1417
1418
1419
1423
1434
1439
1440
1441
1443
1444
1445
1446
1447
1449
1451
1452
1453
1454
1455
1456
1457
1459
1460
1463
1464
1465
1466
1467
1468
1469
1470
1472
1473
1474
1475
1476
1477
4414
4426
4438
1503
1504
1506
1507
1512
1513
1514
1515
1517
1519
1521
1522
1524
1525
1526
1527
1528
1529
1530
1531
1532
1533
1535
1536
1537
1538
1539
1540
1541
1558
1560
1568
1583
1589
1590
1592
2049
2228
2231
2236
2371
3167
4526
4532
4551
4552
4555
4557
4560
4562
5288
6605
8222
8374
8996
1603
1604
1605
1608
1609
1611
1612
1614
1615
1616
1617
1618
1626
4930
1316
1704
1708
1709
1710
1711
1712
1713
1714
1717
1718
1721
1722
1723
1724
1725
1726
1727
1730
1732
1735
1773
1776
3708
4720
4722
4725
4739
4755
4763
1598
1701
1707
1720
1731
1733
1734
1736
1762
1783
1786
1789
3164
3705
4104
4106
4108
4119
4133
4137
4141
4142
4144
4148
4164
4190
4737
4746
6452
1802
1806
1809
1810
1817
1902
1903
1904
1905
1906
1907
1909
2002
2006
2007
2008
2009
2010
2012
2013
2014
2015
2017
2020
2022
2023
2024
2025
2027
2028
2029
2030
2031
2032
2033
2034
2038
2069
3004
5007
5538
9958
2101
2102
2103
2104
2105
2106
2108
2109
2114
2115
6582
1338
2201
2204
2206
2207
2227
2239
3346
1437
2302
2303
2311
2325
2329
2330
2337
2338
2344
2351
2363
2369
2379
2388
2401
2408
2436
2441
2449
2451
2454
2458
2481
3006
3014
3016
3034
3035
3041
3054
3094
3189
3257
3413
3443
3519
3532
3536
3545
3579
3583
3588
3661
3686
4919
4952
4968
5269
5285
5305
5471
6202
6239
6243
6257
6271
6415
6451
6525
6531
6533
6552
6573
8016
8081
8110
8131
8150
8261
8271
2301
2305
2324
2331
2352
2353
2356
2357
2362
2364
2365
2376
2377
2380
2382
2395
2397
2399
2405
2417
2424
2425
2442
2465
3002
3005
3013
3017
3022
3046
3057
3060
3231
3416
3494
3515
3701
3706
4916
4938
5215
5258
5264
6117
6128
6166
6172
6206
6230
6235
6277
6414
6579
8114
8163
8210
9912
2323
2349
2374
2393
2406
2409
2426
2438
2448
2466
2475
2486
2489
2491
2499
3008
3019
3024
3031
3038
3049
3050
3051
3059
3149
3356
3383
3406
3437
3454
3481
3504
3514
3535
3557
3561
3576
3591
3622
3669
3673
3698
4934
4935
4942
4956
4960
4976
5234
5243
5259
5484
6116
6120
6131
6164
6168
6176
6209
6225
6226
6278
6289
6405
6431
6443
6456
6477
8072
8105
8215
2314
2321
2332
2345
2412
2419
2439
2444
2450
2455
2485
2496
2498
3025
3027
3045
3047
3062
3311
3380
3419
3596
3682
3694
3704
4904
4906
4977
4984
5388
6136
6142
6152
6216
6283
6285
6442
8011
8101
1471
1582
2059
2308
2313
2316
2327
2328
2355
2367
2368
2375
2383
2385
2392
2402
2413
2415
2420
2421
2428
2429
2431
2440
2443
2456
2457
2460
2462
2467
2472
2476
2478
2483
2484
2492
2493
3003
3011
3015
3021
3023
3026
3032
3037
3042
3044
3058
3090
3229
3296
3308
3321
3338
3376
3432
3501
3533
3550
3593
3605
3607
3645
3653
3679
4545
4912
4915
4927
4943
4958
4999
5469
6108
6115
6133
6141
6153
6155
6165
6191
6205
6213
6224
6251
6269
6282
6412
6422
6449
8039
8046
8103
8213
8249
2347
2414
2430
2459
3010
3028
3033
3036
3048
3055
3209
3312
3528
3702
5434
6145
6189
6281
8070
8112
2427
2453
2468
2471
2480
3029
3130
4994
5203
6112
6183
6214
2312
2317
2354
2359
2360
2373
2390
2404
2423
2433
2461
2464
2474
2482
2488
2495
2497
3018
3030
3043
3305
3450
3518
3617
3665
5225
6139
6192
6196
6201
6215
6409
8021
8201
1436
1438
1442
1805
1808
2501
2504
2505
2506
2509
2511
2515
2516
2520
2524
2527
2528
2530
2534
2535
2536
2537
2538
2539
2540
2542
2543
2545
2546
2547
2548
2597
2841
2923
3052
3056
3266
3703
5515
5519
5521
5522
5525
5531
5533
5534
6177
9906
9946
2208
2603
2605
2606
2607
2608
2609
2610
2611
2612
2613
2615
2617
2618
2633
2634
2636
2637
2642
5607
5608
2701
2702
2704
2705
2706
2707
2712
2722
2723
2727
2731
2739
2748
5706
8940
9943
2801
2809
2812
2816
2820
2823
2832
2834
2836
2838
2845
2849
2850
2851
2852
2855
2856
2867
2880
2881
2882
2883
2884
2885
2886
2887
2888
2889
2890
2891
2892
2897
5880
6005
1432
2601
2614
2901
2903
2905
2906
2908
2910
2911
2912
2913
2915
2929
2936
4807
5906
5907
8429
8443
8454
2616
6505
8926
9908
9918
9926
9931
9937
1262
1435
1516
2062
2348
2358
2514
2904
3040
4536
5284
5871
6184
6464
6504
8341
8404
8411
8422
8427
8442
8463
8464
8466
8467
8473
8480
8481
8488
9802
9902
9904
9905
9907
9910
9911
9914
9917
9919
9921
9924
9925
9927
9928
9929
9930
9933
9934
9935
9938
9939
9940
9941
9942
9944
9945
9955
1258
1264
4205
4207
4712
4304
4305
8354
9950
4401
4402
4406
4413
4417
4419
4420
4429
4432
4433
1566
1570
1580
1586
1591
1597
1599
2066
2067
2230
2233
2235
3162
3226
3379
3426
4502
4503
4506
4510
4513
4523
4527
4528
4530
4533
4534
4535
4543
4549
4550
6122
6603
6609
8027
8083
8255
9951
2061
4609
1742
1787
4702
4706
4707
4711
4714
4716
4721
4741
4754
6506
6509
1565
1593
1752
1777
1781
1784
1788
1795
1799
1813
3118
3176
3205
3218
4102
4103
4105
4107
4109
4111
4114
4116
4120
4121
4123
4126
4127
4128
4129
4130
4131
4138
4139
4147
4152
4153
4154
4157
4160
4161
4162
4163
4167
4168
4173
4174
4175
4180
4183
4188
4192
4198
4726
4728
4735
4736
4743
4745
4747
4911
6130
6242
6446
6469
6472
6492
6496
6497
6499
6523
6535
6554
6569
6574
8279
8403
8406
8409
8432
8436
2035
2063
2064
2065
5009
5011
5013
5014
5015
5016
6248
8349
8415
8930
9962
5102
3073
3105
3122
3141
3169
3188
3227
3228
3259
3260
3264
3265
3268
3317
3372
3374
3438
3527
3529
3555
3556
3567
3581
3675
3680
3707
4947
4966
4971
4973
4991
5272
5274
5302
5314
5344
5347
5351
5425
5455
5468
5483
5487
6103
6104
6129
6138
6147
6182
6198
6223
6229
6233
6237
6261
6287
6291
6411
6435
6457
6462
6485
6488
6494
6510
6532
6568
6594
8024
8040
8054
8086
8088
8277
1569
3071
3088
3211
3213
3272
3287
3323
3325
3479
3483
3521
3540
3577
3594
3611
3625
3652
3693
3709
4924
4987
5289
5304
5356
5386
5426
5438
5450
5465
5474
5490
6105
6123
6150
6160
6161
6188
6222
6228
6276
6298
6577
8050
8076
8234
8299
8410
3066
3128
3230
3297
3339
3362
3428
3434
3441
3452
3455
3490
3516
3522
3523
3531
3562
3623
3629
3630
3666
3685
3691
4729
4933
4944
4972
4995
5230
5245
5251
5281
5315
5371
5392
5432
5443
6125
6167
6234
6244
6246
6419
6548
6560
7402
8049
8064
8069
8087
8111
8240
3068
3081
3095
3152
3163
3221
3234
3290
3299
3306
3363
3431
3466
3491
3499
3558
3564
3632
3664
3672
3684
4903
4905
4908
4909
4979
5348
5353
6109
6143
6163
6170
6190
6218
6241
6245
6263
6417
6426
6465
6470
6486
6514
8034
8048
8059
8097
8171
8176
1333
1336
1595
1815
3078
3089
3092
3114
3115
3144
3191
3202
3206
3207
3217
3236
3276
3288
3294
3310
3313
3322
3332
3354
3388
3390
3465
3484
3492
3511
3512
3520
3526
3537
3548
3609
3624
3631
3646
3689
4542
4939
4974
5227
5255
5291
5309
5317
5321
5328
5340
5345
5349
5355
5381
5398
5439
5457
5460
5464
5475
5480
5481
5488
5491
5498
6101
6114
6124
6126
6127
6134
6156
6158
6173
6174
6175
6185
6194
6203
6204
6207
6208
6210
6217
6220
6259
6266
6274
6279
6284
6290
6292
6432
6538
8038
8042
8043
8071
8074
8080
8091
8093
8109
8121
8147
8155
8182
8287
8289
8291
8358
3224
3232
3360
3444
6107
6113
6118
6154
6227
6265
6270
8032
8067
8068
8084
8096
3085
3570
4953
4965
5201
5202
5209
5210
5211
5212
5287
5310
5403
5410
6140
6148
6221
6231
6240
6404
8044
8099
8416
8472
8477
3067
3093
3131
3285
3289
3303
3324
3373
3402
3498
3508
3541
3551
3552
3563
3580
3587
3628
3642
3663
4554
5205
5383
5452
5489
5493
5536
6146
6151
6187
6238
6247
6275
6438
6512
8047
8085
8092
8183
8383
8431
8455
2596
3489
4113
4416
4907
5206
5213
5324
5508
5511
5512
5514
5516
5520
5523
5529
5543
6171
6186
6212
6219
6264
8424
2641
2643
5601
5603
5604
5609
1259
2718
2719
2726
2729
2732
2734
2736
2740
2928
4804
5301
5364
5701
5703
5704
8077
8462
5820
5878
6015
6016
6020
6021
6023
6024
6026
2916
2924
2937
3171
5902
5903
5904
5905
6195
8066
8433
8941
9960
8908
8917
8927
8931
1584
2221
2640
3252
3284
4430
4529
4541
4556
4950
5276
5306
5312
5530
6179
6199
6236
6294
6803
8390
8401
8418
8420
8421
8423
8426
8435
8437
8444
8476
8905
8906
8913
8916
8921
8924
8928
8929
8932
8933
8934
8935
8936
8937
8938
8942
2926
3064
3083
3086
3293
3546
3687
4803
4806
4946
5263
5278
5478
6111
6144
6169
6180
6482
6542
8446
8450
8489
8923
9949
4171
6508
1260
1796
6553
4427
1563
1587
1594
1814
2070
2237
2241
2245
2246
4538
4540
4544
4546
4553
4558
4559
4561
4563
4564
4565
4566
8041
1760
3430
4738
4752
4764
4765
4766
6495
6618
1780
3184
4117
4132
4134
4135
4136
4150
4151
4155
4159
4166
4169
4170
4172
4177
4186
4187
4191
4194
4195
4197
4732
4744
6445
6453
6461
6467
6471
6487
6491
6493
6518
6521
6527
6539
6540
6541
6547
6549
6550
6562
6566
6567
6572
6575
6576
6580
6589
6598
6610
6612
6615
6617
6620
6621
6633
6634
6637
6645
6649
1818
9957
4730
3150
3178
3530
3592
4921
4923
4925
4951
4961
4967
5222
5262
5297
5299
6423
6545
6640
6643
8028
8127
8179
8351
3097
3349
6441
6570
6591
6638
8119
3168
3485
3543
3566
3595
3627
3633
3659
3678
3688
4537
4949
5216
5220
5240
5244
5248
5256
5267
5277
5283
6288
6425
6434
6489
6490
6498
6511
6556
6559
8104
8281
3138
3391
3601
3674
5294
6403
6416
6530
6546
6561
6588
8045
1585
3117
3357
3585
4931
4980
4989
5228
5229
5271
6272
6407
6418
6475
6555
6584
8115
3429
3597
3603
3147
6516
6529
6536
6565
6590
6593
8122
8284
3377
3644
4760
5233
6481
6558
6613
6648
1819
2599
2630
8367
1268
1269
2720
2721
2730
2733
2738
2741
2743
2745
8359
5859
5863
5864
5876
6027
2938
2939
1240
3505
4193
4802
5286
6428
6468
6473
6479
6534
6578
6583
6596
6611
6622
6625
6626
6650
7421
8329
8458
8465
8479
8487
8490
8491
8492
8496
8497
4431
6581
6585
6624
6627
7443
8342
8438
8440
8478
8495
T0110Y
T0313Y
T0314Y
T0336Y
T0502Y
T0504Y
T0506Y
T0508Y
T0513Y
T0567Y
T1001Y
T1010Y
T1012Y
T1201Y
T1249Y
T1609Y
T1612Y
T1614Y
T2205Y
T2208Y
T2210Y
T2501Y
T2503Y
T2506Y
T2520Y
T3701Y
T3706Y
T3707Y
T3714Y
T3735Y
T4706Y
T4720Y
AU9901
AU9902
